39	50		112		1		25		12.2654		14.2654		2		0		0
14	44		116		1		13		12.4065		14.4065		2		0		0
70	104		73		1		4		12.7063		14.7063		1		1		0
101	36		124		1		35		12.912		14.912		0		1		1
36	82		100		1		9		12.9321		14.9321		0		2		0
12	129		24		1		21		13.1214		15.1214		0		2		0
2	107		77		1		24		13.1826		15.1826		1		1		1
100	69		115		1		36		13.4112		15.4112		1		1		0
89	69		116		1		22		13.497		15.497		2		0		0
87	137		7		1		8		13.7179		15.7179		0		1		1
63	55		127		1		9		13.8398		15.8398		0		0		2
7	12		138		1		11		13.8521		15.8521		0		2		0
21	46		133		1		20		14.073		16.073		2		0		0
32	115		82		1		29		14.1241		16.1241		0		1		1
35	63		129		1		27		14.3562		16.3562		0		2		0
67	140		36		1		24		14.4554		16.4554		1		0		1
51	140		42		1		20		14.6164		16.6164		0		2		0
31	64		132		1		12		14.6697		16.6697		1		0		1
99	49		140		1		19		14.8327		16.8327		2		0		0
52	139		68		1		9		15.4742		17.4742		0		1		1
49	116		105		1		18		15.6464		17.6464		0		1		1
27	139		73		1		24		15.7003		17.7003		0		1		1
54	103		119		1		32		15.7385		17.7385		1		1		0
93	120		102		1		24		15.7493		17.7493		1		0		1
22	138		78		1		7		15.8518		17.8518		0		1		1
41	92		138		1		19		16.5855		18.5855		0		1		1
43	115		124		1		25		16.9118		18.9118		1		1		0
77	109		131		1		9		17.0417		19.0417		1		0		1
9	121		124		1		19		17.3254		19.3254		1		1		1
79	138		105		1		35		17.3404		19.3404		0		0		2
18	104		139		1		9		17.36		19.36		1		1		1
3	109		139		1		28		17.6641		19.6641		0		2		0
17	132		133		1		14		18.7385		20.7385		1		1		0

Required vehicles:
Type 1:	22
Type 2:	28
Type 3:	19
