68	90		44		1		18		10.018		12.018		0		1		1
133	78		63		1		29		10.0265		12.0265		0		0		2
28	101		0		1		22		10.1		12.1		1		1		1
141	65		80		1		19		10.3078		12.3078		2		0		0
46	60		84		1		1		10.3228		12.3228		0		2		0
151	99		34		1		21		10.4676		12.4676		0		2		0
196	105		2		1		16		10.5019		12.5019		1		1		0
84	51		92		1		33		10.519		12.519		1		0		1
25	66		82		1		9		10.5262		12.5262		1		1		1
24	18		104		1		37		10.5546		12.5546		2		0		0
128	2		106		1		20		10.6019		12.6019		1		0		1
20	22		104		1		9		10.6301		12.6301		0		1		1
181	106		10		1		10		10.6471		12.6471		1		1		1
150	79		72		1		4		10.6888		12.6888		1		1		1
58	39		100		1		19		10.7336		12.7336		0		1		1
199	27		104		1		32		10.7448		12.7448		1		1		1
179	20		106		1		39		10.787		12.787		1		1		1
106	70		83		1		17		10.8577		12.8577		2		0		0
138	104		32		1		16		10.8812		12.8812		1		1		1
26	107		25		1		4		10.9882		12.9882		2		0		0
198	93		61		1		17		11.1221		13.1221		2		0		0
53	58		95		1		5		11.1306		13.1306		1		1		0
78	10		111		1		5		11.145		13.145		2		0		0
64	103		44		1		27		11.2004		13.2004		0		2		0
37	108		30		1		20		11.2089		13.2089		0		2		0
197	66		91		1		13		11.2414		13.2414		1		1		0
88	79		80		1		33		11.2432		13.2432		2		0		0
62	112		13		1		9		11.2752		13.2752		0		1		1
82	85		75		1		16		11.3358		13.3358		0		1		1
117	110		28		1		5		11.3508		13.3508		0		1		1
15	102		52		1		16		11.449		13.449		2		0		0
139	55		102		1		21		11.5884		13.5884		1		0		1
118	116		13		1		15		11.6726		13.6726		2		0		0

Required vehicles:
Type 1:	31
Type 2:	24
Type 3:	18
