151	42		136		1		20		14.2338		16.2338		0		1		1
27	102		104		1		10		14.5671		16.5671		2		0		0
15	100		106		1		10		14.5726		16.5726		0		0		2
23	43		140		1		20		14.6455		16.6455		1		1		0
60	99		108		1		10		14.6509		16.6509		2		0		0
199	101		107		1		30		14.7139		16.7139		1		1		1
153	103		106		1		10		14.7801		16.7801		2		0		0
41	104		106		1		10		14.8499		16.8499		1		1		1
16	99		112		1		20		14.9482		16.9482		0		0		2
154	107		105		1		10		14.9913		16.9913		0		1		1
106	102		110		1		20		15.0013		17.0013		1		1		1
90	103		111		1		20		15.1427		17.1427		0		1		1
170	105		110		1		20		15.2069		17.2069		1		1		1
124	118		108		1		20		15.9962		17.9963		0		1		1
43	121		110		1		20		16.3527		18.3527		2		0		0
171	118		114		1		10		16.4073		18.4073		0		0		2
135	119		114		1		10		16.4794		18.4794		1		1		1
51	121		112		1		10		16.4879		18.4879		2		0		0
88	125		108		1		30		16.5194		18.5194		1		1		1
157	122		113		1		20		16.6292		18.6292		0		1		1
113	123		112		1		10		16.6352		18.6352		2		0		0
30	127		108		1		20		16.6712		18.6712		0		1		1
169	126		112		1		30		16.8582		18.8582		0		1		1
80	127		112		1		30		16.9331		18.9331		0		1		1
22	109		131		1		20		17.0417		19.0417		1		0		1
93	116		132		1		10		17.5727		19.5727		0		0		2
196	119		130		1		20		17.6241		19.6241		2		0		0
53	118		131		1		10		17.6309		19.6309		0		1		1
24	115		134		1		30		17.6581		19.6581		0		2		0
146	122		131		1		10		17.9011		19.9011		1		1		0
195	121		134		1		10		18.0546		20.0546		2		0		0
76	119		136		1		10		18.0712		20.0712		0		1		1
164	120		136		1		10		18.1373		20.1373		2		0		0
183	119		139		1		10		18.2981		20.2981		1		0		1

Required vehicles:
Type 1:	28
Type 2:	20
Type 3:	26
