50	117		4		1		22		11.7068		13.7068		2		0		0
60	67		96		1		15		11.7068		13.7068		0		0		2
19	104		54		1		18		11.7184		13.7184		1		0		1
74	70		94		1		15		11.7201		13.7201		1		0		1
91	50		106		1		15		11.7201		13.7201		1		1		0
69	113		32		1		20		11.7444		13.7444		1		0		1
155	86		80		1		26		11.7456		13.7456		1		1		0
6	116		22		1		35		11.8068		13.8068		1		1		0
45	113		35		1		8		11.8296		13.8296		1		1		1
33	54		106		1		10		11.8962		13.8962		0		1		1
11	40		113		1		23		11.9871		13.9871		0		1		1
61	73		96		1		16		12.0603		14.0603		0		0		2
161	120		14		1		24		12.0814		14.0814		0		1		1
85	46		112		1		28		12.1078		14.1078		0		1		1
96	19		120		1		32		12.1495		14.1495		0		2		0
174	33		117		1		20		12.1565		14.1565		2		0		0
80	113		45		1		22		12.1631		14.1631		0		2		0
102	84		88		1		20		12.1655		14.1655		2		0		0
4	120		22		1		19		12.2		14.2		0		0		2
39	50		112		1		36		12.2654		14.2654		0		2		0
14	44		116		1		18		12.4065		14.4065		1		1		0
70	104		73		1		25		12.7063		14.7063		2		0		0
105	38		122		1		12		12.7781		14.7781		1		0		1
131	126		23		1		21		12.8082		14.8082		2		0		0
135	103		77		1		16		12.86		14.86		1		1		1
159	120		47		1		24		12.8876		14.8876		1		1		0
101	36		124		1		5		12.912		14.912		1		1		0
119	59		115		1		20		12.9252		14.9252		0		0		2
36	82		100		1		16		12.9321		14.9321		1		1		0
178	13		129		1		26		12.9653		14.9653		1		0		1
160	37		125		1		23		13.0361		15.0361		1		1		0
112	80		103		1		5		13.0419		15.0419		1		0		1
173	120		52		1		23		13.0782		15.0782		0		2		0

Required vehicles:
Type 1:	26
Type 2:	22
Type 3:	20
