14	63		50		1		30		8.04301		10.043		0		0		2
68	59		56		1		20		8.13449		10.1345		1		0		1
176	61		54		1		30		8.14678		10.1468		2		0		0
167	27		77		1		10		8.15966		10.1597		2		0		0
18	57		59		1		20		8.20366		10.2037		0		2		0
127	28		78		1		30		8.28734		10.2873		0		2		0
145	32		77		1		10		8.33846		10.3385		1		1		0
102	35		76		1		10		8.3672		10.3672		1		1		1
36	25		80		1		20		8.38153		10.3815		1		1		1
72	30		79		1		10		8.45044		10.4504		0		1		1
2	33		78		1		30		8.46936		10.4694		0		0		2
40	61		59		1		20		8.48646		10.4865		1		1		0
79	62		58		1		30		8.48999		10.49		0		0		2
156	63		57		1		30		8.49588		10.4959		2		0		0
10	32		79		1		20		8.5235		10.5235		0		1		1
100	34		79		1		10		8.60058		10.6006		1		1		1
114	67		55		1		30		8.66833		10.6683		1		1		0
108	64		61		1		30		8.84138		10.8414		0		1		1
54	34		82		1		20		8.87694		10.8769		0		2		0
123	84		36		1		30		9.13893		11.1389		1		1		0
140	84		39		1		10		9.26121		11.2612		1		1		0
12	86		36		1		20		9.32309		11.3231		1		0		1
7	86		37		1		20		9.36216		11.3622		1		1		1
130	88		35		1		10		9.47048		11.4705		0		2		0
74	87		39		1		10		9.53415		11.5341		1		0		1
148	96		26		1		40		9.94585		11.9459		0		0		2
117	93		36		1		10		9.97246		11.9725		0		1		1
67	97		28		1		30		10.096		12.096		2		0		0
13	95		35		1		10		10.1242		12.1242		1		1		0
165	97		29		1		20		10.1242		12.1242		0		0		2
161	99		26		1		10		10.2357		12.2357		0		1		1
92	98		31		1		20		10.2786		12.2786		1		1		0
48	99		28		1		10		10.2883		12.2883		0		2		0

Required vehicles:
Type 1:	22
Type 2:	26
Type 3:	22
