1	70		70		0		0		0		100000		0		0		0
85	1		24		1		10		2.40208		4.40208		0		0		2
83	2		28		1		20		2.80713		4.80713		1		1		0
5	4		28		1		20		2.82843		4.82843		0		1		1
73	4		30		1		20		3.02655		5.02655		1		0		1
47	21		25		1		40		3.26497		5.26497		1		0		1
61	1		34		1		20		3.40147		5.40147		1		1		1
11	24		26		1		10		3.53836		5.53836		0		2		0
6	25		26		1		10		3.60694		5.60694		0		1		1
96	29		28		1		10		4.03113		6.03113		0		2		0
35	30		27		1		10		4.03609		6.03609		1		0		1
37	17		37		1		30		4.07185		6.07185		0		2		0
34	18		38		1		10		4.20476		6.20476		0		1		1
84	17		43		1		10		4.62385		6.62385		0		0		2
58	21		48		1		10		5.23927		7.23927		0		0		2
44	61		48		1		10		7.76209		9.76209		0		2		0
91	57		53		1		20		7.78332		9.78332		0		0		2
3	59		52		1		10		7.86448		9.86448		2		0		0
14	63		50		1		30		8.04301		10.043		1		1		1
68	59		56		1		30		8.13449		10.1345		1		1		0
18	57		59		1		10		8.20366		10.2037		0		0		2
36	25		80		1		10		8.38153		10.3815		1		1		1
72	30		79		1		10		8.45044		10.4504		1		1		0
2	33		78		1		10		8.46936		10.4694		0		1		1
40	61		59		1		10		8.48646		10.4865		0		2		0
79	62		58		1		10		8.48999		10.49		0		1		1
10	32		79		1		30		8.5235		10.5235		1		1		0
100	34		79		1		30		8.60058		10.6006		1		1		0
54	34		82		1		10		8.87694		10.8769		1		1		0
12	86		36		1		10		9.32309		11.3231		0		2		0
7	86		37		1		10		9.36216		11.3622		0		0		2
74	87		39		1		20		9.53415		11.5341		1		1		1
67	97		28		1		20		10.096		12.096		1		0		1
13	95		35		1		10		10.1242		12.1242		0		0		2
92	98		31		1		20		10.2786		12.2786		1		1		0

Required vehicles:
Type 1:	17
Type 2:	28
Type 3:	27
