98	35		90		1		20		9.6566		11.6566		1		0		1
45	97		12		1		10		9.77394		11.7739		0		0		2
8	96		26		1		10		9.94585		11.9459		0		0		2
25	90		44		1		20		10.018		12.018		1		0		1
84	101		0		1		32		10.1		12.1		2		0		0
16	97		29		1		7		10.1242		12.1242		1		1		1
69	99		26		1		20		10.2357		12.2357		0		0		2
19	99		28		1		19		10.2883		12.2883		0		1		1
85	28		99		1		1		10.2883		12.2883		1		1		1
65	60		84		1		11		10.3228		12.3228		1		0		1
96	105		2		1		20		10.5019		12.5019		2		0		0
68	66		82		1		10		10.5262		12.5262		1		1		0
14	18		104		1		13		10.5546		12.5546		1		0		1
5	79		72		1		21		10.6888		12.6888		1		0		1
59	35		102		1		10		10.7838		12.7838		2		0		0
81	107		25		1		10		10.9882		12.9882		0		2		0
31	58		95		1		10		11.1306		13.1306		0		1		1
76	10		111		1		20		11.145		13.145		2		0		0
70	34		108		1		20		11.3225		13.3225		1		1		0
93	85		75		1		20		11.3358		13.3358		0		1		1
18	50		106		1		16		11.7201		13.7201		0		0		2
55	70		94		1		23		11.7201		13.7201		1		1		1
28	113		32		1		10		11.7444		13.7444		1		0		1
52	116		22		1		20		11.8068		13.8068		1		1		1
73	102		60		1		40		11.8338		13.8338		1		1		0
83	84		88		1		17		12.1655		14.1655		0		1		1
88	50		112		1		20		12.2654		14.2654		1		1		0
89	44		116		1		18		12.4065		14.4065		0		2		0
92	126		23		1		9		12.8082		14.8082		0		2		0
72	36		124		1		5		12.912		14.912		1		0		1
99	111		66		1		30		12.9139		14.9139		0		0		2
90	82		100		1		20		12.9321		14.9321		0		0		2
101	84		99		1		30		12.9834		14.9834		1		0		1

Required vehicles:
Type 1:	24
Type 2:	18
Type 3:	28
