47	44		82		1		30		9.30591		11.3059		0		2		0
35	26		91		1		20		9.46414		11.4641		1		0		1
7	94		18		1		20		9.57079		11.5708		1		1		1
53	62		73		1		30		9.57758		11.5776		0		2		0
50	57		77		1		20		9.58019		11.5802		2		0		0
29	76		65		1		30		10.0005		12.0005		1		0		1
3	100		5		1		30		10.0125		12.0125		2		0		0
58	11		100		1		20		10.0603		12.0603		0		1		1
67	64		78		1		10		10.0896		12.0896		1		1		0
30	103		12		1		10		10.3697		12.3697		1		1		0
83	57		87		1		20		10.401		12.401		1		0		1
15	98		36		1		40		10.4403		12.4403		0		0		2
84	102		33		1		10		10.7205		12.7205		1		1		1
8	60		89		1		20		10.7336		12.7336		0		0		2
59	67		84		1		20		10.7448		12.7448		1		1		1
19	14		107		1		10		10.7912		12.7912		0		1		1
20	98		46		1		30		10.8259		12.8259		1		1		0
27	20		108		1		20		10.9836		12.9836		1		0		1
18	56		95		1		10		11.0277		13.0277		1		1		1
90	96		55		1		10		11.0639		13.0639		0		1		1
24	94		59		1		30		11.0982		13.0982		0		0		2
12	93		61		1		20		11.1221		13.1221		0		1		1
2	38		105		1		10		11.1665		13.1665		2		0		0
91	112		2		1		30		11.2018		13.2018		0		2		0
26	112		3		1		40		11.204		13.204		1		1		0
10	99		53		1		30		11.2294		13.2294		2		0		0
85	7		113		1		30		11.3217		13.3217		2		0		0
5	96		62		1		30		11.428		13.428		1		1		0
40	54		102		1		40		11.5412		13.5412		0		0		2
55	105		49		1		30		11.5871		13.5871		0		2		0
49	116		10		1		20		11.643		13.643		0		1		1
38	19		116		1		20		11.7546		13.7546		0		0		2
92	116		23		1		10		11.8258		13.8258		0		1		1

Required vehicles:
Type 1:	23
Type 2:	23
Type 3:	24
