56	28		115		1		10		11.836		13.836		0		0		2
28	10		118		1		20		11.8423		13.8423		1		1		0
41	63		103		1		20		12.0739		14.0739		1		0		1
86	37		115		1		30		12.0806		14.0806		0		1		1
54	6		121		1		30		12.1149		14.1149		1		1		1
72	121		9		1		20		12.1334		14.1334		0		1		1
16	101		68		1		30		12.1758		14.1758		2		0		0
45	115		41		1		10		12.209		14.209		0		0		2
6	122		11		1		10		12.2495		14.2495		1		1		0
36	98		75		1		20		12.3406		14.3406		1		1		0
81	123		19		1		30		12.4459		14.4459		1		1		0
89	51		115		1		20		12.5801		14.5801		2		0		0
39	60		111		1		20		12.6178		14.6178		2		0		0
52	90		91		1		30		12.7988		14.7988		0		1		1
42	91		91		1		20		12.8693		14.8693		1		1		1
48	117		55		1		30		12.9283		14.9283		0		2		0
22	94		89		1		30		12.9449		14.9449		1		0		1
21	131		4		1		10		13.1061		15.1061		2		0		0
80	111		70		1		10		13.1229		15.1229		1		1		1
66	104		82		1		20		13.2439		15.2439		0		1		1
23	70		113		1		30		13.2925		15.2925		0		2		0
88	83		105		1		20		13.3843		15.3843		0		0		2
79	66		117		1		20		13.4332		15.4332		1		1		0
4	111		78		1		10		13.5665		15.5665		0		1		1
57	4		137		1		50		13.7058		15.7058		1		0		1
9	67		123		1		20		14.0064		16.0064		1		1		0
44	77		117		1		20		14.0064		16.0064		0		1		1
99	62		128		1		10		14.2225		16.2225		1		1		0
77	66		131		1		30		14.6687		16.6687		1		1		1
70	86		124		1		10		15.0904		17.0904		1		0		1
76	98		116		1		20		15.1855		17.1855		0		0		2
98	81		135		1		40		15.7436		17.7436		0		1		1
32	96		138		1		20		16.8107		18.8107		1		1		0

Required vehicles:
Type 1:	24
Type 2:	23
Type 3:	23
