24	78		63		1		9		10.0265		12.0265		0		2		0
2	101		0		1		33		10.1		12.1		2		0		0
54	60		84		1		18		10.3228		12.3228		1		0		1
66	99		34		1		25		10.4676		12.4676		1		1		0
60	105		2		1		1		10.5019		12.5019		0		1		1
99	18		104		1		19		10.5546		12.5546		2		0		0
15	22		104		1		9		10.6301		12.6301		0		2		0
38	106		10		1		41		10.6471		12.6471		0		0		2
19	79		72		1		10		10.6888		12.6888		0		0		2
74	39		100		1		5		10.7336		12.7336		2		0		0
86	27		104		1		19		10.7448		12.7448		1		0		1
100	70		83		1		23		10.8577		12.8577		1		1		0
20	104		32		1		18		10.8812		12.8812		0		2		0
10	107		25		1		15		10.9882		12.9882		0		1		1
47	10		111		1		32		11.145		13.145		1		0		1
78	103		44		1		31		11.2004		13.2004		1		1		1
68	85		75		1		11		11.3358		13.3358		2		0		0
93	102		52		1		9		11.449		13.449		1		1		0
87	67		96		1		16		11.7068		13.7068		1		0		1
62	104		54		1		13		11.7184		13.7184		0		1		1
17	50		106		1		27		11.7201		13.7201		0		2		0
44	113		32		1		10		11.7444		13.7444		2		0		0
97	86		80		1		27		11.7456		13.7456		1		1		0
90	54		106		1		1		11.8962		13.8962		1		1		0
79	73		96		1		1		12.0603		14.0603		2		0		0
30	120		14		1		27		12.0814		14.0814		0		1		1
18	46		112		1		22		12.1078		14.1078		1		1		0
92	33		117		1		18		12.1565		14.1565		0		1		1
56	84		88		1		15		12.1655		14.1655		0		1		1
89	120		22		1		33		12.2		14.2		0		1		1
80	44		116		1		20		12.4065		14.4065		1		1		0
76	104		73		1		17		12.7063		14.7063		0		2		0
67	38		122		1		20		12.7781		14.7781		0		2		0

Required vehicles:
Type 1:	24
Type 2:	27
Type 3:	16
