68	90		44		1		20		10.018		12.018		0		0		2
133	78		63		1		24		10.0265		12.0265		1		1		1
28	101		0		1		9		10.1		12.1		0		0		2
141	65		80		1		23		10.3078		12.3078		0		0		2
46	60		84		1		15		10.3228		12.3228		1		1		0
151	99		34		1		1		10.4676		12.4676		1		1		1
196	105		2		1		17		10.5019		12.5019		0		0		2
84	51		92		1		15		10.519		12.519		2		0		0
25	66		82		1		15		10.5262		12.5262		2		0		0
24	18		104		1		25		10.5546		12.5546		1		1		1
128	2		106		1		2		10.6019		12.6019		0		0		2
20	22		104		1		21		10.6301		12.6301		0		2		0
181	106		10		1		30		10.6471		12.6471		0		2		0
150	79		72		1		34		10.6888		12.6888		1		1		1
58	39		100		1		19		10.7336		12.7336		1		1		1
199	27		104		1		12		10.7448		12.7448		0		2		0
179	20		106		1		16		10.787		12.787		1		0		1
106	70		83		1		40		10.8577		12.8577		1		1		1
138	104		32		1		27		10.8812		12.8812		1		1		0
26	107		25		1		35		10.9882		12.9882		1		1		0
198	93		61		1		13		11.1221		13.1221		1		1		0
53	58		95		1		43		11.1306		13.1306		1		0		1
78	10		111		1		8		11.145		13.145		0		2		0
64	103		44		1		13		11.2004		13.2004		0		0		2
37	108		30		1		1		11.2089		13.2089		1		1		0
197	66		91		1		3		11.2414		13.2414		1		1		1
88	79		80		1		33		11.2432		13.2432		2		0		0
62	112		13		1		15		11.2752		13.2752		1		1		1
82	85		75		1		9		11.3358		13.3358		1		1		1
117	110		28		1		32		11.3508		13.3508		1		0		1
15	102		52		1		16		11.449		13.449		1		1		0
139	55		102		1		22		11.5884		13.5884		2		0		0
118	116		13		1		13		11.6726		13.6726		2		0		0

Required vehicles:
Type 1:	28
Type 2:	23
Type 3:	24
