68	90		44		1		19		10.018		12.018		0		1		1
133	78		63		1		32		10.0265		12.0265		0		2		0
28	101		0		1		26		10.1		12.1		0		1		1
141	65		80		1		12		10.3078		12.3078		1		1		0
46	60		84		1		17		10.3228		12.3228		0		1		1
151	99		34		1		22		10.4676		12.4676		1		1		0
196	105		2		1		10		10.5019		12.5019		1		1		0
84	51		92		1		14		10.519		12.519		2		0		0
25	66		82		1		21		10.5262		12.5262		1		1		1
24	18		104		1		35		10.5546		12.5546		0		0		2
128	2		106		1		8		10.6019		12.6019		1		0		1
20	22		104		1		25		10.6301		12.6301		0		0		2
181	106		10		1		20		10.6471		12.6471		0		1		1
150	79		72		1		7		10.6888		12.6888		2		0		0
58	39		100		1		8		10.7336		12.7336		0		0		2
199	27		104		1		20		10.7448		12.7448		0		2		0
179	20		106		1		15		10.787		12.787		0		2		0
106	70		83		1		21		10.8577		12.8577		2		0		0
138	104		32		1		15		10.8812		12.8812		0		1		1
26	107		25		1		13		10.9882		12.9882		0		2		0
198	93		61		1		13		11.1221		13.1221		0		2		0
53	58		95		1		16		11.1306		13.1306		0		1		1
78	10		111		1		9		11.145		13.145		1		0		1
64	103		44		1		11		11.2004		13.2004		0		1		1
37	108		30		1		16		11.2089		13.2089		1		1		0
197	66		91		1		31		11.2414		13.2414		0		0		2
88	79		80		1		23		11.2432		13.2432		0		2		0
62	112		13		1		1		11.2752		13.2752		1		1		1
82	85		75		1		18		11.3358		13.3358		1		0		1
117	110		28		1		9		11.3508		13.3508		1		1		0
15	102		52		1		13		11.449		13.449		1		1		1
139	55		102		1		26		11.5884		13.5884		1		1		1
118	116		13		1		18		11.6726		13.6726		2		0		0

Required vehicles:
Type 1:	20
Type 2:	28
Type 3:	22
