48	99		28		1		10		10.2883		12.2883		1		1		1
94	28		99		1		10		10.2883		12.2883		1		1		0
56	26		105		1		10		10.8171		12.8171		1		1		0
71	103		34		1		20		10.8467		12.8467		0		2		0
8	1		109		1		10		10.9005		12.9005		1		1		1
82	34		104		1		20		10.9417		12.9417		2		0		0
38	32		106		1		10		11.0725		13.0725		1		1		1
50	9		114		1		20		11.4355		13.4355		1		1		0
46	89		73		1		40		11.5109		13.5109		0		2		0
59	21		115		1		20		11.6902		13.6902		2		0		0
62	94		70		1		10		11.7201		13.7201		0		1		1
101	94		72		1		20		11.8406		13.8406		1		1		0
63	74		93		1		20		11.8849		13.8849		1		0		1
65	94		73		1		10		11.9017		13.9017		0		1		1
28	93		75		1		10		11.9474		13.9474		1		0		1
25	98		70		1		30		12.0433		14.0433		0		0		2
77	78		92		1		20		12.0615		14.0615		1		0		1
45	74		99		1		10		12.36		14.36		0		0		2
21	103		69		1		10		12.3976		14.3976		1		1		0
19	8		124		1		10		12.4258		14.4258		0		1		1
55	4		125		1		10		12.5064		14.5064		0		2		0
69	80		97		1		20		12.5734		14.5734		0		2		0
57	35		123		1		10		12.7883		14.7883		2		0		0
78	110		66		1		20		12.8281		14.8281		2		0		0
33	129		9		1		20		12.9314		14.9314		1		1		1
31	84		99		1		20		12.9834		14.9834		0		2		0
42	109		71		1		10		13.0085		15.0085		0		0		2
26	112		67		1		10		13.0511		15.0511		1		0		1
64	32		128		1		30		13.1939		15.1939		0		1		1
32	113		69		1		10		13.2401		15.2401		0		0		2
86	112		71		1		10		13.2608		15.2608		1		1		1
81	113		71		1		20		13.3454		15.3454		0		1		1
99	10		134		1		10		13.4373		15.4373		1		1		0

Required vehicles:
Type 1:	23
Type 2:	26
Type 3:	22
