95	4		71		1		23		7.11126		9.11126		0		1		1
30	20		69		1		23		7.18401		9.18401		0		1		1
97	18		70		1		11		7.22772		9.22772		0		2		0
47	44		58		1		20		7.28011		9.28011		2		0		0
158	66		40		1		32		7.71751		9.71751		0		1		1
111	34		72		1		10		7.96241		9.96241		1		1		0
176	60		54		1		4		8.07217		10.0722		1		1		1
38	37		73		1		15		8.18413		10.1841		0		1		1
10	61		57		1		17		8.34865		10.3487		0		1		1
110	83		12		1		18		8.3863		10.3863		0		0		2
13	12		84		1		27		8.48528		10.4853		1		1		0
83	10		86		1		28		8.65794		10.6579		0		2		0
175	37		79		1		3		8.72353		10.7235		1		0		1
48	8		87		1		23		8.7367		10.7367		0		1		1
42	81		36		1		27		8.86397		10.864		0		2		0
29	90		14		1		10		9.10824		11.1082		0		1		1
92	83		38		1		30		9.12853		11.1285		0		1		1
183	89		24		1		27		9.21792		11.2179		1		1		0
76	88		29		1		22		9.26553		11.2655		1		1		1
23	16		92		1		7		9.33809		11.3381		1		1		0
81	92		22		1		21		9.45939		11.4594		0		2		0
8	86		40		1		21		9.48472		11.4847		2		0		0
109	54		78		1		11		9.48683		11.4868		1		1		0
40	47		83		1		24		9.53834		11.5383		1		0		1
75	35		90		1		41		9.6566		11.6566		0		1		1
56	89		39		1		5		9.717		11.717		2		0		0
65	97		12		1		10		9.77394		11.7739		1		0		1
134	98		4		1		16		9.80816		11.8082		2		0		0
115	29		94		1		17		9.83717		11.8372		0		0		2
98	58		80		1		13		9.8813		11.8813		2		0		0
156	81		57		1		25		9.90454		11.9045		0		1		1
59	5		99		1		15		9.91262		11.9126		1		1		1
120	71		70		1		12		9.97046		11.9705		1		0		1

Required vehicles:
Type 1:	22
Type 2:	26
Type 3:	21
