134	46		52		1		10		6.94262		8.94262		1		1		1
188	25		66		1		10		7.05762		9.05762		0		2		0
109	47		57		1		30		7.38783		9.38783		0		1		1
61	41		64		1		20		7.60066		9.60066		1		1		1
31	44		62		1		10		7.60263		9.60263		0		0		2
43	77		15		1		10		7.84474		9.84474		0		2		0
174	47		63		1		10		7.86003		9.86003		2		0		0
62	56		56		1		10		7.9196		9.9196		2		0		0
73	60		52		1		10		7.93977		9.93977		1		1		1
105	13		80		1		10		8.10494		10.1049		1		0		1
95	45		68		1		10		8.15414		10.1541		1		0		1
145	80		22		1		20		8.29699		10.297		2		0		0
37	69		48		1		10		8.40536		10.4054		1		0		1
163	45		71		1		40		8.40595		10.406		0		2		0
100	49		70		1		30		8.54459		10.5446		0		2		0
71	48		72		1		20		8.65332		10.6533		0		0		2
25	64		59		1		20		8.7046		10.7046		1		0		1
64	60		66		1		20		8.91964		10.9196		0		1		1
63	80		40		1		10		8.94427		10.9443		1		1		0
172	61		66		1		10		8.98721		10.9872		2		0		0
93	57		70		1		20		9.02718		11.0272		1		1		0
65	16		90		1		10		9.14112		11.1411		1		1		1
132	7		92		1		10		9.22659		11.2266		1		0		1
69	46		80		1		30		9.22822		11.2282		1		0		1
123	74		56		1		20		9.28009		11.2801		1		1		0
47	44		82		1		30		9.30591		11.3059		1		1		1
139	94		1		1		10		9.40053		11.4005		0		1		1
35	26		91		1		10		9.46414		11.4641		1		0		1
115	35		88		1		20		9.47048		11.4705		0		0		2
138	20		93		1		30		9.51262		11.5126		0		1		1
199	15		94		1		10		9.51893		11.5189		0		0		2
7	94		18		1		10		9.57079		11.5708		0		2		0
53	62		73		1		10		9.57758		11.5776		0		1		1

Required vehicles:
Type 1:	23
Type 2:	23
Type 3:	25
