175	47		83		1		25		9.53834		11.5383		1		1		0
98	35		90		1		21		9.6566		11.6566		2		0		0
132	89		39		1		10		9.717		11.717		1		1		0
45	97		12		1		10		9.77394		11.7739		0		2		0
8	96		26		1		17		9.94585		11.9459		0		0		2
157	93		36		1		20		9.97246		11.9725		0		0		2
25	90		44		1		10		10.018		12.018		1		1		1
143	78		63		1		18		10.0265		12.0265		0		1		1
180	97		28		1		20		10.096		12.096		1		0		1
84	101		0		1		1		10.1		12.1		0		0		2
16	97		29		1		10		10.1242		12.1242		0		2		0
103	95		35		1		10		10.1242		12.1242		1		0		1
69	99		26		1		10		10.2357		12.2357		0		1		1
184	98		31		1		23		10.2786		12.2786		0		2		0
19	99		28		1		8		10.2883		12.2883		2		0		0
85	28		99		1		13		10.2883		12.2883		0		2		0
65	60		84		1		2		10.3228		12.3228		1		1		0
197	99		34		1		30		10.4676		12.4676		1		1		0
135	35		99		1		18		10.5005		12.5005		1		1		0
96	105		2		1		27		10.5019		12.5019		1		1		0
68	66		82		1		20		10.5262		12.5262		1		0		1
14	18		104		1		20		10.5546		12.5546		2		0		0
117	106		10		1		3		10.6471		12.6471		0		2		0
5	79		72		1		10		10.6888		12.6888		0		1		1
59	35		102		1		19		10.7838		12.7838		1		1		0
200	26		105		1		21		10.8171		12.8171		0		2		0
185	103		34		1		27		10.8467		12.8467		1		0		1
114	34		104		1		9		10.9417		12.9417		1		0		1
81	107		25		1		36		10.9882		12.9882		1		1		0
128	28		107		1		43		11.0603		13.0603		2		0		0
177	32		106		1		6		11.0725		13.0725		1		1		1
192	36		105		1		20		11.1		13.1		1		1		1
31	58		95		1		10		11.1306		13.1306		0		1		1

Required vehicles:
Type 1:	24
Type 2:	27
Type 3:	18
