87	67		96		1		16		11.7068		13.7068		0		1		1
156	117		4		1		15		11.7068		13.7068		1		0		1
62	104		54		1		18		11.7184		13.7184		0		1		1
17	50		106		1		23		11.7201		13.7201		0		2		0
182	70		94		1		29		11.7201		13.7201		1		0		1
44	113		32		1		41		11.7444		13.7444		1		0		1
97	86		80		1		31		11.7456		13.7456		2		0		0
104	116		22		1		20		11.8068		13.8068		1		0		1
153	113		35		1		23		11.8296		13.8296		1		1		1
90	54		106		1		20		11.8962		13.8962		1		0		1
127	40		113		1		17		11.9871		13.9871		1		1		0
79	73		96		1		15		12.0603		14.0603		0		2		0
30	120		14		1		25		12.0814		14.0814		0		1		1
18	46		112		1		13		12.1078		14.1078		0		1		1
106	19		120		1		2		12.1495		14.1495		1		1		0
92	33		117		1		3		12.1565		14.1565		1		1		0
126	113		45		1		9		12.1631		14.1631		1		0		1
56	84		88		1		18		12.1655		14.1655		0		2		0
89	120		22		1		18		12.2		14.2		0		1		1
134	50		112		1		13		12.2654		14.2654		1		1		0
80	44		116		1		34		12.4065		14.4065		0		0		2
76	104		73		1		11		12.7063		14.7063		0		0		2
67	38		122		1		20		12.7781		14.7781		1		1		0
148	126		23		1		23		12.8082		14.8082		2		0		0
70	103		77		1		9		12.86		14.86		0		2		0
144	120		47		1		14		12.8876		14.8876		0		0		2
143	36		124		1		19		12.912		14.912		0		2		0
59	59		115		1		33		12.9252		14.9252		0		0		2
152	82		100		1		21		12.9321		14.9321		1		1		0
94	13		129		1		35		12.9653		14.9653		0		1		1
65	37		125		1		10		13.0361		15.0361		1		1		1
23	80		103		1		18		13.0419		15.0419		1		1		0
43	120		52		1		21		13.0782		15.0782		1		1		0

Required vehicles:
Type 1:	20
Type 2:	26
Type 3:	22
