70	103		77		1		9		12.86		14.86		0		2		0
59	59		115		1		33		12.9252		14.9252		0		0		2
94	13		129		1		35		12.9653		14.9653		0		1		1
65	37		125		1		10		13.0361		15.0361		1		1		1
23	80		103		1		18		13.0419		15.0419		1		1		0
43	120		52		1		21		13.0782		15.0782		1		1		0
46	82		103		1		4		13.1655		15.1655		1		1		1
61	107		77		1		21		13.1826		15.1826		1		0		1
58	69		115		1		36		13.4112		15.4112		2		0		0
6	69		116		1		12		13.497		15.497		0		2		0
9	78		111		1		15		13.5665		15.5665		1		1		0
16	137		7		1		13		13.7179		15.7179		1		1		0
11	17		138		1		10		13.9043		15.9043		2		0		0
12	37		138		1		28		14.2874		16.2874		1		1		0
91	63		129		1		35		14.3562		16.3562		0		1		1
32	140		42		1		15		14.6164		16.6164		0		2		0
27	64		132		1		20		14.6697		16.6697		2		0		0
39	107		102		1		8		14.7828		16.7828		1		1		0
85	56		139		1		20		14.9857		16.9857		1		0		1
51	64		138		1		27		15.2118		17.2118		2		0		0
72	139		68		1		31		15.4742		17.4742		1		0		1
49	139		73		1		10		15.7003		17.7003		0		0		2
8	103		119		1		22		15.7385		17.7385		1		0		1
96	114		109		1		12		15.7724		17.7724		1		1		0
25	95		135		1		16		16.5076		18.5076		1		1		0
45	137		101		1		17		17.0206		19.0206		0		2		0
69	109		131		1		9		17.0417		19.0417		1		1		1
14	121		123		1		15		17.254		19.254		2		0		0
33	121		124		1		12		17.3254		19.3254		0		1		1
22	109		139		1		23		17.6641		19.6641		0		1		1
28	133		130		1		13		18.5981		20.5981		1		1		0
41	132		133		1		24		18.7385		20.7385		1		1		0
7	137		137		1		7		19.3747		21.3747		1		0		1

Required vehicles:
Type 1:	28
Type 2:	25
Type 3:	16
