98	35		90		1		10		9.6566		11.6566		0		0		2
45	97		12		1		9		9.77394		11.7739		1		1		0
8	96		26		1		20		9.94585		11.9459		1		1		0
25	90		44		1		15		10.018		12.018		1		0		1
84	101		0		1		15		10.1		12.1		2		0		0
16	97		29		1		40		10.1242		12.1242		0		2		0
69	99		26		1		32		10.2357		12.2357		0		1		1
19	99		28		1		1		10.2883		12.2883		1		1		1
85	28		99		1		16		10.2883		12.2883		1		0		1
65	60		84		1		20		10.3228		12.3228		0		2		0
96	105		2		1		30		10.5019		12.5019		0		2		0
68	66		82		1		20		10.5262		12.5262		1		1		1
14	18		104		1		20		10.5546		12.5546		1		1		0
5	79		72		1		23		10.6888		12.6888		1		1		0
59	35		102		1		21		10.7838		12.7838		1		1		1
81	107		25		1		13		10.9882		12.9882		1		0		1
31	58		95		1		20		11.1306		13.1306		0		1		1
76	10		111		1		13		11.145		13.145		0		2		0
70	34		108		1		30		11.3225		13.3225		0		2		0
93	85		75		1		19		11.3358		13.3358		2		0		0
18	50		106		1		30		11.7201		13.7201		0		2		0
55	70		94		1		20		11.7201		13.7201		1		1		1
28	113		32		1		30		11.7444		13.7444		1		1		0
52	116		22		1		10		11.8068		13.8068		1		1		0
73	102		60		1		20		11.8338		13.8338		1		1		1
83	84		88		1		15		12.1655		14.1655		0		1		1
88	50		112		1		20		12.2654		14.2654		2		0		0
89	44		116		1		33		12.4065		14.4065		1		1		0
92	126		23		1		10		12.8082		14.8082		1		1		0
72	36		124		1		30		12.912		14.912		0		1		1
99	111		66		1		19		12.9139		14.9139		2		0		0
90	82		100		1		9		12.9321		14.9321		0		0		2
101	84		99		1		10		12.9834		14.9834		1		0		1

Required vehicles:
Type 1:	25
Type 2:	29
Type 3:	17
