151	42		136		1		30		14.2338		16.2338		0		1		1
27	102		104		1		20		14.5671		16.5671		1		1		1
15	100		106		1		20		14.5726		16.5726		1		1		0
23	43		140		1		20		14.6455		16.6455		0		1		1
60	99		108		1		10		14.6509		16.6509		1		1		1
199	101		107		1		20		14.7139		16.7139		0		0		2
153	103		106		1		10		14.7801		16.7801		1		1		1
41	104		106		1		10		14.8499		16.8499		2		0		0
16	99		112		1		20		14.9482		16.9482		2		0		0
154	107		105		1		10		14.9913		16.9913		0		0		2
106	102		110		1		10		15.0013		17.0013		0		2		0
90	103		111		1		10		15.1427		17.1427		1		0		1
170	105		110		1		10		15.2069		17.2069		0		0		2
124	118		108		1		20		15.9962		17.9963		0		0		2
43	121		110		1		20		16.3527		18.3527		2		0		0
171	118		114		1		10		16.4073		18.4073		1		0		1
135	119		114		1		20		16.4794		18.4794		1		0		1
51	121		112		1		20		16.4879		18.4879		1		1		1
88	125		108		1		10		16.5194		18.5194		1		1		0
157	122		113		1		40		16.6292		18.6292		1		1		1
113	123		112		1		20		16.6352		18.6352		1		0		1
30	127		108		1		10		16.6712		18.6712		2		0		0
169	126		112		1		10		16.8582		18.8582		0		2		0
80	127		112		1		10		16.9331		18.9331		1		0		1
22	109		131		1		20		17.0417		19.0417		1		0		1
93	116		132		1		10		17.5727		19.5727		1		1		0
196	119		130		1		30		17.6241		19.6241		0		0		2
53	118		131		1		20		17.6309		19.6309		0		2		0
24	115		134		1		10		17.6581		19.6581		0		2		0
146	122		131		1		30		17.9011		19.9011		1		0		1
195	121		134		1		20		18.0546		20.0546		1		1		0
76	119		136		1		10		18.0712		20.0712		1		1		1
164	120		136		1		10		18.1373		20.1373		1		1		1
183	119		139		1		10		18.2981		20.2981		1		1		0

Required vehicles:
Type 1:	27
Type 2:	22
Type 3:	26
