58	109		71		1		40		13.0085		15.0085		0		0		2
12	37		125		1		21		13.0361		15.0361		1		1		0
67	80		103		1		18		13.0419		15.0419		0		0		2
17	112		67		1		20		13.0511		15.0511		0		2		0
41	113		69		1		6		13.2401		15.2401		2		0		0
38	86		102		1		10		13.3417		15.3417		1		1		0
42	109		78		1		29		13.4034		15.4034		0		2		0
22	90		101		1		10		13.5281		15.5281		1		1		1
10	85		106		1		20		13.5871		15.5871		0		2		0
13	87		108		1		13		13.8683		15.8683		1		0		1
30	94		104		1		27		14.0186		16.0186		1		1		1
60	91		108		1		21		14.1227		16.1227		1		1		0
23	125		68		1		20		14.2299		16.2299		0		0		2
62	140		42		1		20		14.6164		16.6164		1		0		1
82	110		99		1		10		14.799		16.799		2		0		0
56	117		92		1		15		14.8839		16.8839		0		0		2
71	135		65		1		20		14.9833		16.9833		1		0		1
34	103		119		1		20		15.7385		17.7385		2		0		0
87	118		108		1		13		15.9962		17.9963		0		2		0
86	119		114		1		12		16.4794		18.4794		0		0		2
46	121		112		1		19		16.4879		18.4879		1		1		1
57	122		113		1		40		16.6292		18.6292		2		0		0
24	127		108		1		11		16.6712		18.6712		1		0		1
32	137		96		1		20		16.7287		18.7287		2		0		0
39	126		112		1		10		16.8582		18.8582		1		0		1
33	127		112		1		20		16.9331		18.9331		1		0		1
53	137		101		1		27		17.0206		19.0206		0		1		1
51	121		123		1		1		17.254		19.254		1		1		1
66	109		139		1		22		17.6641		19.6641		2		0		0
75	139		110		1		4		17.726		19.726		0		2		0
100	119		136		1		21		18.0712		20.0712		0		1		1
95	120		136		1		16		18.1373		20.1373		1		1		1
54	137		137		1		10		19.3747		21.3747		1		1		0

Required vehicles:
Type 1:	27
Type 2:	21
Type 3:	23
