1	70		70		0		0		0		100000		0		0		0
72	15		4		1		18		1.55242		3.55242		2		0		0
34	30		21		1		15		3.66197		5.66197		1		1		1
86	12		48		1		20		4.94773		6.94773		1		1		0
44	13		48		1		34		4.97293		6.97293		1		1		0
71	36		38		1		20		5.2345		7.2345		1		0		1
16	41		36		1		18		5.45619		7.45619		0		0		2
55	32		52		1		18		6.10573		8.10573		2		0		0
73	54		33		1		3		6.32851		8.32851		2		0		0
66	16		62		1		15		6.40312		8.40312		1		1		0
94	65		0		1		9		6.5		8.5		1		0		1
5	48		47		1		12		6.71789		8.71789		1		0		1
57	54		41		1		10		6.78012		8.78012		0		1		1
90	28		62		1		9		6.80294		8.80294		0		0		2
95	4		71		1		23		7.11126		9.11126		0		1		1
30	20		69		1		23		7.18401		9.18401		0		1		1
97	18		70		1		11		7.22772		9.22772		0		2		0
47	44		58		1		20		7.28011		9.28011		2		0		0
38	37		73		1		15		8.18413		10.1841		0		1		1
10	61		57		1		17		8.34865		10.3487		0		1		1
13	12		84		1		27		8.48528		10.4853		1		1		0
83	10		86		1		28		8.65794		10.6579		0		2		0
48	8		87		1		23		8.7367		10.7367		0		1		1
42	81		36		1		27		8.86397		10.864		0		2		0
29	90		14		1		10		9.10824		11.1082		0		1		1
92	83		38		1		30		9.12853		11.1285		0		1		1
76	88		29		1		22		9.26553		11.2655		1		1		1
23	16		92		1		7		9.33809		11.3381		1		1		0
81	92		22		1		21		9.45939		11.4594		0		2		0
8	86		40		1		21		9.48472		11.4847		2		0		0
40	47		83		1		24		9.53834		11.5383		1		0		1
75	35		90		1		41		9.6566		11.6566		0		1		1
56	89		39		1		5		9.717		11.717		2		0		0
65	97		12		1		10		9.77394		11.7739		1		0		1
98	58		80		1		13		9.8813		11.8813		2		0		0

Required vehicles:
Type 1:	26
Type 2:	24
Type 3:	20
