56	28		115		1		10		11.836		13.836		1		1		1
28	10		118		1		30		11.8423		13.8423		0		0		2
41	63		103		1		30		12.0739		14.0739		1		0		1
86	37		115		1		20		12.0806		14.0806		2		0		0
54	6		121		1		40		12.1149		14.1149		1		1		0
72	121		9		1		30		12.1334		14.1334		2		0		0
16	101		68		1		10		12.1758		14.1758		0		0		2
45	115		41		1		10		12.209		14.209		0		1		1
6	122		11		1		10		12.2495		14.2495		1		1		1
36	98		75		1		30		12.3406		14.3406		1		1		0
81	123		19		1		20		12.4459		14.4459		0		1		1
89	51		115		1		30		12.5801		14.5801		1		0		1
39	60		111		1		30		12.6178		14.6178		0		2		0
52	90		91		1		10		12.7988		14.7988		2		0		0
42	91		91		1		20		12.8693		14.8693		0		0		2
48	117		55		1		20		12.9283		14.9283		1		0		1
22	94		89		1		10		12.9449		14.9449		1		1		0
21	131		4		1		20		13.1061		15.1061		0		0		2
80	111		70		1		20		13.1229		15.1229		0		2		0
66	104		82		1		10		13.2439		15.2439		1		0		1
23	70		113		1		10		13.2925		15.2925		2		0		0
88	83		105		1		30		13.3843		15.3843		2		0		0
79	66		117		1		10		13.4332		15.4332		1		1		1
4	111		78		1		20		13.5665		15.5665		2		0		0
57	4		137		1		20		13.7058		15.7058		1		1		0
9	67		123		1		10		14.0064		16.0064		1		1		0
44	77		117		1		10		14.0064		16.0064		1		1		1
99	62		128		1		20		14.2225		16.2225		1		1		1
77	66		131		1		20		14.6687		16.6687		0		2		0
70	86		124		1		20		15.0904		17.0904		0		0		2
76	98		116		1		10		15.1855		17.1855		0		2		0
98	81		135		1		30		15.7436		17.7436		1		1		0
32	96		138		1		40		16.8107		18.8107		0		1		1

Required vehicles:
Type 1:	27
Type 2:	22
Type 3:	22
