24	78		63		1		8		10.0265		12.0265		1		1		1
2	101		0		1		13		10.1		12.1		2		0		0
54	60		84		1		31		10.3228		12.3228		2		0		0
66	99		34		1		35		10.4676		12.4676		0		2		0
60	105		2		1		11		10.5019		12.5019		1		1		1
99	18		104		1		40		10.5546		12.5546		1		1		0
15	22		104		1		24		10.6301		12.6301		0		2		0
38	106		10		1		18		10.6471		12.6471		1		1		1
19	79		72		1		21		10.6888		12.6888		1		0		1
74	39		100		1		15		10.7336		12.7336		1		1		0
86	27		104		1		32		10.7448		12.7448		1		0		1
100	70		83		1		16		10.8577		12.8577		1		1		1
20	104		32		1		10		10.8812		12.8812		1		0		1
10	107		25		1		4		10.9882		12.9882		0		2		0
47	10		111		1		7		11.145		13.145		0		0		2
78	103		44		1		26		11.2004		13.2004		1		1		0
68	85		75		1		13		11.3358		13.3358		0		2		0
93	102		52		1		13		11.449		13.449		0		0		2
87	67		96		1		25		11.7068		13.7068		1		1		0
62	104		54		1		18		11.7184		13.7184		1		0		1
17	50		106		1		43		11.7201		13.7201		1		1		1
44	113		32		1		15		11.7444		13.7444		0		2		0
97	86		80		1		1		11.7456		13.7456		1		0		1
90	54		106		1		17		11.8962		13.8962		1		0		1
79	73		96		1		21		12.0603		14.0603		0		2		0
30	120		14		1		13		12.0814		14.0814		0		2		0
18	46		112		1		12		12.1078		14.1078		1		1		1
92	33		117		1		23		12.1565		14.1565		0		0		2
56	84		88		1		10		12.1655		14.1655		0		0		2
89	120		22		1		22		12.2		14.2		1		1		0
80	44		116		1		18		12.4065		14.4065		1		1		0
76	104		73		1		24		12.7063		14.7063		1		0		1
67	38		122		1		16		12.7781		14.7781		1		1		0

Required vehicles:
Type 1:	24
Type 2:	27
Type 3:	21
