1	70		70		0		0		0		100000		0		0		0
77	9		19		1		20		2.10238		4.10238		0		1		1
36	32		6		1		9		3.25576		5.25576		2		0		0
98	33		0		1		13		3.3		5.3		2		0		0
95	34		20		1		1		3.94462		5.94462		1		1		0
29	39		13		1		3		4.11096		6.11096		0		1		1
101	12		48		1		24		4.94773		6.94773		0		0		2
55	13		48		1		20		4.97293		6.97293		0		1		1
34	42		29		1		19		5.10392		7.10392		1		0		1
37	41		36		1		3		5.45619		7.45619		1		0		1
3	26		50		1		13		5.6356		7.6356		2		0		0
64	32		52		1		15		6.10573		8.10573		0		1		1
63	54		33		1		23		6.32851		8.32851		0		0		2
4	30		57		1		16		6.44127		8.44127		0		1		1
83	36		54		1		10		6.48999		8.48999		1		1		0
5	29		60		1		25		6.66408		8.66408		0		0		2
75	48		47		1		23		6.71789		8.71789		1		1		0
53	61		34		1		20		6.98355		8.98355		0		2		0
13	20		69		1		1		7.18401		9.18401		0		1		1
35	44		58		1		23		7.28011		9.28011		0		2		0
88	34		72		1		18		7.96241		9.96241		1		0		1
82	83		12		1		5		8.3863		10.3863		1		0		1
31	10		86		1		9		8.65794		10.6579		0		1		1
26	37		79		1		27		8.72353		10.7235		0		1		1
21	8		87		1		20		8.7367		10.7367		0		2		0
40	83		38		1		15		9.12853		11.1285		1		1		1
50	89		24		1		1		9.21792		11.2179		1		0		1
73	88		29		1		32		9.26553		11.2655		0		0		2
84	16		92		1		18		9.33809		11.3381		0		0		2
57	86		40		1		16		9.48472		11.4847		1		1		1
71	47		83		1		11		9.53834		11.5383		0		1		1
52	98		4		1		9		9.80816		11.8082		1		1		1
42	81		57		1		5		9.90454		11.9045		1		1		0
81	71		70		1		25		9.97046		11.9705		0		1		1
48	90		44		1		21		10.018		12.018		1		0		1

Required vehicles:
Type 1:	19
Type 2:	23
Type 3:	29
