136	4		71		1		16		7.11126		9.11126		2		0		0
13	20		69		1		17		7.18401		9.18401		0		0		2
110	18		70		1		35		7.22772		9.22772		0		2		0
35	44		58		1		21		7.28011		9.28011		2		0		0
132	66		40		1		13		7.71751		9.71751		1		1		1
88	34		72		1		16		7.96241		9.96241		0		1		1
145	60		54		1		18		8.07217		10.0722		1		1		0
114	37		73		1		22		8.18413		10.1841		2		0		0
112	61		57		1		21		8.34865		10.3487		1		1		1
82	83		12		1		26		8.3863		10.3863		0		0		2
171	12		84		1		25		8.48528		10.4853		0		0		2
31	10		86		1		19		8.65794		10.6579		1		0		1
26	37		79		1		15		8.72353		10.7235		1		1		1
21	8		87		1		16		8.7367		10.7367		1		1		1
200	81		36		1		13		8.86397		10.864		1		1		1
176	90		14		1		9		9.10824		11.1082		0		1		1
40	83		38		1		9		9.12853		11.1285		0		1		1
50	89		24		1		20		9.21792		11.2179		0		2		0
73	88		29		1		37		9.26553		11.2655		0		2		0
84	16		92		1		20		9.33809		11.3381		1		1		0
121	92		22		1		25		9.45939		11.4594		1		1		0
57	86		40		1		25		9.48472		11.4847		1		0		1
164	54		78		1		23		9.48683		11.4868		0		1		1
71	47		83		1		15		9.53834		11.5383		1		1		1
154	35		90		1		7		9.6566		11.6566		1		1		1
117	89		39		1		17		9.717		11.717		1		1		0
173	97		12		1		4		9.77394		11.7739		1		0		1
52	98		4		1		36		9.80816		11.8082		2		0		0
181	29		94		1		24		9.83717		11.8372		1		0		1
149	58		80		1		20		9.8813		11.8813		1		0		1
42	81		57		1		18		9.90454		11.9045		0		0		2
190	5		99		1		15		9.91262		11.9126		1		1		0
81	71		70		1		12		9.97046		11.9705		2		0		0

Required vehicles:
Type 1:	27
Type 2:	22
Type 3:	24
