98	35		90		1		21		9.6566		11.6566		2		0		0
45	97		12		1		10		9.77394		11.7739		0		2		0
8	96		26		1		17		9.94585		11.9459		0		0		2
25	90		44		1		10		10.018		12.018		1		1		1
84	101		0		1		1		10.1		12.1		0		0		2
16	97		29		1		10		10.1242		12.1242		0		2		0
69	99		26		1		10		10.2357		12.2357		0		1		1
19	99		28		1		8		10.2883		12.2883		2		0		0
85	28		99		1		13		10.2883		12.2883		0		2		0
65	60		84		1		2		10.3228		12.3228		1		1		0
96	105		2		1		27		10.5019		12.5019		1		1		0
68	66		82		1		20		10.5262		12.5262		1		0		1
14	18		104		1		20		10.5546		12.5546		2		0		0
5	79		72		1		10		10.6888		12.6888		0		1		1
59	35		102		1		19		10.7838		12.7838		1		1		0
81	107		25		1		36		10.9882		12.9882		1		1		0
31	58		95		1		10		11.1306		13.1306		0		1		1
76	10		111		1		27		11.145		13.145		1		1		0
70	34		108		1		10		11.3225		13.3225		0		0		2
93	85		75		1		13		11.3358		13.3358		1		1		0
18	50		106		1		40		11.7201		13.7201		0		2		0
55	70		94		1		10		11.7201		13.7201		0		1		1
28	113		32		1		20		11.7444		13.7444		1		1		0
52	116		22		1		10		11.8068		13.8068		2		0		0
73	102		60		1		18		11.8338		13.8338		0		0		2
83	84		88		1		20		12.1655		14.1655		2		0		0
88	50		112		1		30		12.2654		14.2654		0		1		1
89	44		116		1		20		12.4065		14.4065		0		1		1
92	126		23		1		10		12.8082		14.8082		0		0		2
72	36		124		1		10		12.912		14.912		0		1		1
99	111		66		1		10		12.9139		14.9139		0		2		0
90	82		100		1		10		12.9321		14.9321		0		2		0
101	84		99		1		20		12.9834		14.9834		0		1		1

Required vehicles:
Type 1:	19
Type 2:	28
Type 3:	20
