24	78		63		1		8		10.0265		12.0265		1		1		0
2	101		0		1		20		10.1		12.1		0		2		0
54	60		84		1		20		10.3228		12.3228		0		1		1
66	99		34		1		19		10.4676		12.4676		0		2		0
60	105		2		1		18		10.5019		12.5019		2		0		0
99	18		104		1		25		10.5546		12.5546		1		0		1
15	22		104		1		13		10.6301		12.6301		1		1		0
38	106		10		1		24		10.6471		12.6471		1		1		1
19	79		72		1		5		10.6888		12.6888		0		1		1
74	39		100		1		32		10.7336		12.7336		2		0		0
86	27		104		1		16		10.7448		12.7448		0		0		2
100	70		83		1		43		10.8577		12.8577		2		0		0
20	104		32		1		13		10.8812		12.8812		1		1		1
10	107		25		1		20		10.9882		12.9882		1		0		1
47	10		111		1		3		11.145		13.145		0		1		1
78	103		44		1		12		11.2004		13.2004		2		0		0
68	85		75		1		7		11.3358		13.3358		1		1		1
93	102		52		1		10		11.449		13.449		1		1		1
87	67		96		1		23		11.7068		13.7068		0		2		0
62	104		54		1		31		11.7184		13.7184		2		0		0
17	50		106		1		27		11.7201		13.7201		0		0		2
44	113		32		1		21		11.7444		13.7444		1		1		1
97	86		80		1		18		11.7456		13.7456		2		0		0
90	54		106		1		4		11.8962		13.8962		0		0		2
79	73		96		1		11		12.0603		14.0603		2		0		0
30	120		14		1		17		12.0814		14.0814		2		0		0
18	46		112		1		12		12.1078		14.1078		1		1		1
92	33		117		1		21		12.1565		14.1565		0		2		0
56	84		88		1		20		12.1655		14.1655		2		0		0
89	120		22		1		6		12.2		14.2		1		1		1
80	44		116		1		18		12.4065		14.4065		0		2		0
76	104		73		1		25		12.7063		14.7063		0		0		2
67	38		122		1		16		12.7781		14.7781		0		1		1

Required vehicles:
Type 1:	29
Type 2:	23
Type 3:	21
