70	103		77		1		21		12.86		14.86		0		2		0
59	59		115		1		4		12.9252		14.9252		1		1		0
94	13		129		1		36		12.9653		14.9653		1		1		1
65	37		125		1		10		13.0361		15.0361		2		0		0
23	80		103		1		20		13.0419		15.0419		0		0		2
43	120		52		1		30		13.0782		15.0782		0		0		2
46	82		103		1		14		13.1655		15.1655		0		2		0
61	107		77		1		13		13.1826		15.1826		0		1		1
58	69		115		1		20		13.4112		15.4112		0		2		0
6	69		116		1		18		13.497		15.497		0		2		0
9	78		111		1		9		13.5665		15.5665		1		1		1
16	137		7		1		16		13.7179		15.7179		0		0		2
11	17		138		1		32		13.9043		15.9043		1		0		1
12	37		138		1		18		14.2874		16.2874		0		0		2
91	63		129		1		15		14.3562		16.3562		0		2		0
32	140		42		1		20		14.6164		16.6164		1		1		1
27	64		132		1		9		14.6697		16.6697		0		0		2
39	107		102		1		15		14.7828		16.7828		0		2		0
85	56		139		1		21		14.9857		16.9857		0		2		0
51	64		138		1		10		15.2118		17.2118		1		0		1
72	139		68		1		18		15.4742		17.4742		1		1		1
49	139		73		1		9		15.7003		17.7003		0		1		1
8	103		119		1		27		15.7385		17.7385		1		0		1
96	114		109		1		20		15.7724		17.7724		1		1		1
25	95		135		1		35		16.5076		18.5076		1		0		1
45	137		101		1		15		17.0206		19.0206		2		0		0
69	109		131		1		30		17.0417		19.0417		1		1		0
14	121		123		1		18		17.254		19.254		0		0		2
33	121		124		1		23		17.3254		19.3254		1		0		1
22	109		139		1		20		17.6641		19.6641		2		0		0
28	133		130		1		7		18.5981		20.5981		2		0		0
41	132		133		1		17		18.7385		20.7385		0		2		0
7	137		137		1		20		19.3747		21.3747		2		0		0

Required vehicles:
Type 1:	22
Type 2:	25
Type 3:	24
