67	80		103		1		21		13.0419		15.0419		2		0		0
17	112		67		1		8		13.0511		15.0511		0		0		2
167	91		95		1		20		13.1552		15.1552		0		2		0
159	103		82		1		28		13.1655		15.1655		2		0		0
196	107		77		1		25		13.1826		15.1826		2		0		0
41	113		69		1		17		13.2401		15.2401		0		2		0
134	112		71		1		15		13.2608		15.2608		1		1		1
38	86		102		1		12		13.3417		15.3417		1		1		0
148	113		71		1		20		13.3454		15.3454		1		0		1
42	109		78		1		10		13.4034		15.4034		1		1		1
195	103		86		1		34		13.4183		15.4183		0		1		1
22	90		101		1		20		13.5281		15.5281		0		1		1
10	85		106		1		36		13.5871		15.5871		2		0		0
112	137		7		1		30		13.7179		15.7179		0		2		0
140	90		104		1		27		13.7535		15.7535		0		1		1
124	8		138		1		2		13.8232		15.8232		0		1		1
13	87		108		1		30		13.8683		15.8683		1		1		1
30	94		104		1		21		14.0186		16.0186		0		2		0
122	56		129		1		20		14.0631		16.0631		1		1		0
108	100		99		1		21		14.0716		16.0716		0		0		2
189	94		105		1		20		14.0929		16.0929		0		2		0
144	92		107		1		20		14.1113		16.1113		1		1		0
60	91		108		1		30		14.1227		16.1227		1		1		1
23	125		68		1		20		14.2299		16.2299		0		2		0
130	116		83		1		10		14.2636		16.2636		0		0		2
145	37		138		1		20		14.2874		16.2874		0		1		1
199	140		36		1		10		14.4554		16.4554		0		0		2
174	100		106		1		20		14.5726		16.5726		2		0		0
62	140		42		1		10		14.6164		16.6164		0		0		2
156	64		132		1		27		14.6697		16.6697		0		0		2
82	110		99		1		30		14.799		16.799		1		0		1
56	117		92		1		30		14.8839		16.8839		2		0		0
71	135		65		1		22		14.9833		16.9833		0		2		0

Required vehicles:
Type 1:	21
Type 2:	26
Type 3:	23
