94	28		99		1		10		10.2883		12.2883		2		0		0
184	35		99		1		10		10.5005		12.5005		2		0		0
138	35		102		1		20		10.7838		12.7838		0		0		2
56	26		105		1		10		10.8171		12.8171		0		1		1
71	103		34		1		30		10.8467		12.8467		1		1		1
8	1		109		1		10		10.9005		12.9005		2		0		0
82	34		104		1		10		10.9417		12.9417		1		1		1
136	28		107		1		20		11.0603		13.0603		2		0		0
38	32		106		1		20		11.0725		13.0725		1		1		0
139	36		105		1		10		11.1		13.1		1		1		0
182	6		113		1		20		11.3159		13.3159		1		0		1
200	34		108		1		20		11.3225		13.3225		2		0		0
110	88		72		1		20		11.3701		13.3701		1		1		0
50	9		114		1		20		11.4355		13.4355		2		0		0
46	89		73		1		10		11.5109		13.5109		1		1		1
118	7		115		1		20		11.5213		13.5213		1		1		0
180	91		71		1		20		11.5421		13.5421		2		0		0
185	31		112		1		30		11.6211		13.6211		0		1		1
59	21		115		1		20		11.6902		13.6902		1		1		0
133	0		117		1		10		11.7		13.7		0		1		1
62	94		70		1		10		11.7201		13.7201		0		0		2
163	102		60		1		20		11.8338		13.8338		1		1		1
101	94		72		1		20		11.8406		13.8406		0		1		1
162	10		118		1		20		11.8423		13.8423		2		0		0
63	74		93		1		20		11.8849		13.8849		0		2		0
65	94		73		1		10		11.9017		13.9017		0		0		2
186	5		119		1		10		11.9105		13.9105		0		0		2
105	8		119		1		10		11.9269		13.9269		0		1		1
28	93		75		1		20		11.9474		13.9474		1		1		0
179	91		78		1		10		11.9854		13.9854		0		1		1
25	98		70		1		20		12.0433		14.0433		2		0		0
77	78		92		1		30		12.0615		14.0615		2		0		0
132	74		96		1		10		12.1211		14.1211		0		1		1

Required vehicles:
Type 1:	31
Type 2:	19
Type 3:	20
