98	35		90		1		20		9.6566		11.6566		0		1		1
45	97		12		1		27		9.77394		11.7739		2		0		0
8	96		26		1		20		9.94585		11.9459		1		1		1
25	90		44		1		1		10.018		12.018		2		0		0
84	101		0		1		30		10.1		12.1		1		1		0
16	97		29		1		32		10.1242		12.1242		1		1		0
69	99		26		1		8		10.2357		12.2357		0		1		1
19	99		28		1		10		10.2883		12.2883		0		2		0
85	28		99		1		2		10.2883		12.2883		0		0		2
65	60		84		1		20		10.3228		12.3228		0		2		0
96	105		2		1		13		10.5019		12.5019		2		0		0
68	66		82		1		7		10.5262		12.5262		1		0		1
14	18		104		1		30		10.5546		12.5546		1		1		0
5	79		72		1		30		10.6888		12.6888		2		0		0
59	35		102		1		10		10.7838		12.7838		1		1		0
81	107		25		1		3		10.9882		12.9882		1		1		1
31	58		95		1		36		11.1306		13.1306		0		2		0
76	10		111		1		15		11.145		13.145		0		1		1
70	34		108		1		20		11.3225		13.3225		1		0		1
93	85		75		1		25		11.3358		13.3358		1		1		1
18	50		106		1		13		11.7201		13.7201		0		1		1
55	70		94		1		29		11.7201		13.7201		1		0		1
28	113		32		1		16		11.7444		13.7444		0		0		2
52	116		22		1		20		11.8068		13.8068		1		0		1
73	102		60		1		18		11.8338		13.8338		0		0		2
83	84		88		1		19		12.1655		14.1655		1		1		0
88	50		112		1		10		12.2654		14.2654		1		1		1
89	44		116		1		10		12.4065		14.4065		1		0		1
92	126		23		1		19		12.8082		14.8082		1		1		1
72	36		124		1		23		12.912		14.912		1		0		1
99	111		66		1		23		12.9139		14.9139		0		2		0
90	82		100		1		10		12.9321		14.9321		2		0		0
101	84		99		1		27		12.9834		14.9834		1		1		1

Required vehicles:
Type 1:	27
Type 2:	23
Type 3:	22
