48	90		44		1		18		10.018		12.018		1		0		1
24	78		63		1		8		10.0265		12.0265		1		1		0
2	101		0		1		20		10.1		12.1		0		2		0
165	65		80		1		9		10.3078		12.3078		1		1		1
54	60		84		1		20		10.3228		12.3228		0		1		1
66	99		34		1		19		10.4676		12.4676		0		2		0
60	105		2		1		18		10.5019		12.5019		2		0		0
170	51		92		1		25		10.519		12.519		1		1		0
172	66		82		1		18		10.5262		12.5262		1		1		0
99	18		104		1		25		10.5546		12.5546		1		0		1
122	2		106		1		27		10.6019		12.6019		0		1		1
15	22		104		1		13		10.6301		12.6301		1		1		0
38	106		10		1		24		10.6471		12.6471		1		1		1
19	79		72		1		5		10.6888		12.6888		0		1		1
74	39		100		1		32		10.7336		12.7336		2		0		0
86	27		104		1		16		10.7448		12.7448		0		0		2
177	20		106		1		9		10.787		12.787		0		0		2
100	70		83		1		43		10.8577		12.8577		2		0		0
20	104		32		1		13		10.8812		12.8812		1		1		1
10	107		25		1		20		10.9882		12.9882		1		0		1
116	93		61		1		23		11.1221		13.1221		2		0		0
155	58		95		1		8		11.1306		13.1306		0		0		2
47	10		111		1		3		11.145		13.145		0		1		1
78	103		44		1		12		11.2004		13.2004		2		0		0
119	108		30		1		23		11.2089		13.2089		0		1		1
184	66		91		1		16		11.2414		13.2414		1		0		1
169	79		80		1		25		11.2432		13.2432		1		0		1
141	112		13		1		26		11.2752		13.2752		1		0		1
68	85		75		1		7		11.3358		13.3358		1		1		1
130	110		28		1		3		11.3508		13.3508		0		1		1
93	102		52		1		10		11.449		13.449		1		1		1
175	55		102		1		11		11.5884		13.5884		2		0		0
140	116		13		1		3		11.6726		13.6726		1		0		1

Required vehicles:
Type 1:	28
Type 2:	19
Type 3:	24
