1	70		70		0		0		0		100000		0		0		0
82	17		18		1		20		2.47588		4.47588		1		1		1
94	15		23		1		20		2.74591		4.74591		0		1		1
75	26		15		1		10		3.00167		5.00167		1		1		0
87	17		25		1		20		3.02324		5.02324		0		2		0
101	24		19		1		40		3.06105		5.06105		1		1		1
60	23		22		1		10		3.18277		5.18277		0		1		1
78	15		30		1		10		3.3541		5.3541		0		1		1
34	21		28		1		20		3.5		5.5		2		0		0
46	12		33		1		20		3.51141		5.51141		2		0		0
11	26		24		1		20		3.53836		5.53836		1		1		0
14	25		31		1		20		3.98246		5.98246		2		0		0
97	38		16		1		10		4.12311		6.12311		1		1		1
13	27		32		1		30		4.18688		6.18688		2		0		0
96	19		41		1		10		4.51885		6.51885		1		0		1
51	29		36		1		10		4.62277		6.62277		1		1		0
33	27		44		1		10		5.16236		7.16236		0		0		2
74	25		46		1		10		5.23546		7.23546		1		1		0
68	47		36		1		20		5.9203		7.9203		1		1		0
17	49		48		1		30		6.8593		8.8593		0		0		2
61	41		64		1		10		7.60066		9.60066		2		0		0
31	44		62		1		40		7.60263		9.60263		0		2		0
43	77		15		1		20		7.84474		9.84474		0		2		0
62	56		56		1		10		7.9196		9.9196		1		1		1
73	60		52		1		30		7.93977		9.93977		1		0		1
95	45		68		1		20		8.15414		10.1541		2		0		0
37	69		48		1		30		8.40536		10.4054		1		0		1
100	49		70		1		10		8.54459		10.5446		1		1		0
71	48		72		1		20		8.65332		10.6533		1		0		1
25	64		59		1		20		8.7046		10.7046		2		0		0
64	60		66		1		20		8.91964		10.9196		0		1		1
63	80		40		1		20		8.94427		10.9443		1		1		0
93	57		70		1		10		9.02718		11.0272		0		1		1
65	16		90		1		20		9.14112		11.1411		0		0		2
69	46		80		1		20		9.22822		11.2282		0		0		2

Required vehicles:
Type 1:	29
Type 2:	22
Type 3:	21
