94	28		99		1		10		10.2883		12.2883		0		0		2
184	35		99		1		20		10.5005		12.5005		0		1		1
138	35		102		1		30		10.7838		12.7838		0		0		2
56	26		105		1		10		10.8171		12.8171		0		2		0
71	103		34		1		20		10.8467		12.8467		1		0		1
8	1		109		1		30		10.9005		12.9005		0		2		0
82	34		104		1		10		10.9417		12.9417		1		1		1
136	28		107		1		20		11.0603		13.0603		0		0		2
38	32		106		1		10		11.0725		13.0725		0		1		1
139	36		105		1		20		11.1		13.1		1		1		1
182	6		113		1		10		11.3159		13.3159		0		1		1
200	34		108		1		30		11.3225		13.3225		1		1		0
110	88		72		1		20		11.3701		13.3701		2		0		0
50	9		114		1		30		11.4355		13.4355		1		1		1
46	89		73		1		10		11.5109		13.5109		0		0		2
118	7		115		1		30		11.5213		13.5213		0		0		2
180	91		71		1		10		11.5421		13.5421		1		1		1
185	31		112		1		10		11.6211		13.6211		0		0		2
59	21		115		1		20		11.6902		13.6902		1		1		0
133	0		117		1		10		11.7		13.7		1		0		1
62	94		70		1		20		11.7201		13.7201		1		1		1
163	102		60		1		20		11.8338		13.8338		0		0		2
101	94		72		1		30		11.8406		13.8406		0		1		1
162	10		118		1		10		11.8423		13.8423		0		0		2
63	74		93		1		30		11.8849		13.8849		1		0		1
65	94		73		1		20		11.9017		13.9017		1		0		1
186	5		119		1		30		11.9105		13.9105		1		1		0
105	8		119		1		10		11.9269		13.9269		2		0		0
28	93		75		1		10		11.9474		13.9474		0		0		2
179	91		78		1		40		11.9854		13.9854		1		1		1
25	98		70		1		20		12.0433		14.0433		1		1		0
77	78		92		1		10		12.0615		14.0615		1		0		1
132	74		96		1		20		12.1211		14.1211		1		0		1

Required vehicles:
Type 1:	20
Type 2:	18
Type 3:	34
