12	129		24		1		21		13.1214		15.1214		0		2		0
153	64		115		1		18		13.1609		15.1609		1		0		1
104	103		82		1		11		13.1655		15.1655		1		1		0
146	82		103		1		20		13.1655		15.1655		1		1		0
2	107		77		1		24		13.1826		15.1826		1		1		1
137	26		130		1		37		13.2575		15.2575		1		0		1
166	109		78		1		5		13.4034		15.4034		0		2		0
100	69		115		1		36		13.4112		15.4112		1		1		0
121	120		60		1		20		13.4164		15.4164		0		2		0
125	103		86		1		25		13.4183		15.4183		0		1		1
89	69		116		1		22		13.497		15.497		2		0		0
113	78		111		1		18		13.5665		15.5665		0		0		2
87	137		7		1		8		13.7179		15.7179		0		1		1
184	67		120		1		9		13.7437		15.7437		2		0		0
190	8		138		1		2		13.8232		15.8232		0		2		0
63	55		127		1		9		13.8398		15.8398		0		0		2
7	12		138		1		11		13.8521		15.8521		0		2		0
103	17		138		1		41		13.9043		15.9043		0		1		1
144	119		73		1		8		13.9607		15.9607		0		0		2
122	85		111		1		18		13.9807		15.9807		0		1		1
132	138		24		1		31		14.0071		16.0071		1		1		0
195	56		129		1		34		14.0631		16.0631		2		0		0
182	100		99		1		20		14.0716		16.0716		0		1		1
21	46		133		1		20		14.073		16.073		2		0		0
32	115		82		1		29		14.1241		16.1241		0		1		1
177	125		68		1		23		14.2299		16.2299		1		0		1
114	116		83		1		23		14.2636		16.2636		1		0		1
164	37		138		1		10		14.2874		16.2874		1		1		0
35	63		129		1		27		14.3562		16.3562		0		2		0
67	140		36		1		24		14.4554		16.4554		1		0		1
51	140		42		1		20		14.6164		16.6164		0		2		0
31	64		132		1		12		14.6697		16.6697		1		0		1
147	107		102		1		5		14.7828		16.7828		0		2		0

Required vehicles:
Type 1:	20
Type 2:	28
Type 3:	19
