58	109		71		1		27		13.0085		15.0085		0		0		2
12	37		125		1		10		13.0361		15.0361		2		0		0
67	80		103		1		10		13.0419		15.0419		0		1		1
17	112		67		1		10		13.0511		15.0511		2		0		0
41	113		69		1		30		13.2401		15.2401		0		1		1
38	86		102		1		10		13.3417		15.3417		0		1		1
42	109		78		1		40		13.4034		15.4034		2		0		0
22	90		101		1		20		13.5281		15.5281		1		1		0
10	85		106		1		10		13.5871		15.5871		2		0		0
13	87		108		1		5		13.8683		15.8683		2		0		0
30	94		104		1		20		14.0186		16.0186		1		1		0
60	91		108		1		20		14.1227		16.1227		1		1		1
23	125		68		1		16		14.2299		16.2299		0		2		0
62	140		42		1		30		14.6164		16.6164		1		1		1
82	110		99		1		22		14.799		16.799		2		0		0
56	117		92		1		9		14.8839		16.8839		0		2		0
71	135		65		1		20		14.9833		16.9833		1		1		0
34	103		119		1		20		15.7385		17.7385		1		0		1
87	118		108		1		10		15.9962		17.9963		1		1		1
86	119		114		1		10		16.4794		18.4794		1		0		1
46	121		112		1		20		16.4879		18.4879		0		1		1
57	122		113		1		20		16.6292		18.6292		1		1		0
24	127		108		1		40		16.6712		18.6712		1		1		0
32	137		96		1		30		16.7287		18.7287		0		2		0
39	126		112		1		18		16.8582		18.8582		1		1		1
33	127		112		1		20		16.9331		18.9331		0		0		2
53	137		101		1		20		17.0206		19.0206		1		1		0
51	121		123		1		1		17.254		19.254		1		1		0
66	109		139		1		16		17.6641		19.6641		1		0		1
75	139		110		1		10		17.726		19.726		1		1		0
100	119		136		1		20		18.0712		20.0712		1		0		1
95	120		136		1		10		18.1373		20.1373		1		1		0
54	137		137		1		20		19.3747		21.3747		1		0		1

Required vehicles:
Type 1:	30
Type 2:	23
Type 3:	17
