1	70		70		0		0		0		100000		0		0		0
72	15		4		1		10		1.55242		3.55242		1		1		0
34	30		21		1		1		3.66197		5.66197		1		1		0
86	12		48		1		20		4.94773		6.94773		1		0		1
44	13		48		1		20		4.97293		6.97293		0		2		0
71	36		38		1		35		5.2345		7.2345		0		1		1
16	41		36		1		16		5.45619		7.45619		2		0		0
55	32		52		1		32		6.10573		8.10573		0		1		1
73	54		33		1		17		6.32851		8.32851		1		0		1
66	16		62		1		20		6.40312		8.40312		1		1		1
94	65		0		1		9		6.5		8.5		1		0		1
5	48		47		1		25		6.71789		8.71789		0		2		0
57	54		41		1		24		6.78012		8.78012		0		0		2
90	28		62		1		24		6.80294		8.80294		2		0		0
95	4		71		1		30		7.11126		9.11126		0		2		0
30	20		69		1		25		7.18401		9.18401		1		0		1
97	18		70		1		12		7.22772		9.22772		1		1		1
47	44		58		1		3		7.28011		9.28011		2		0		0
38	37		73		1		26		8.18413		10.1841		0		2		0
10	61		57		1		30		8.34865		10.3487		2		0		0
13	12		84		1		35		8.48528		10.4853		2		0		0
83	10		86		1		19		8.65794		10.6579		2		0		0
48	8		87		1		27		8.7367		10.7367		0		2		0
42	81		36		1		1		8.86397		10.864		1		0		1
29	90		14		1		31		9.10824		11.1082		0		0		2
92	83		38		1		13		9.12853		11.1285		1		0		1
76	88		29		1		25		9.26553		11.2655		2		0		0
23	16		92		1		14		9.33809		11.3381		0		0		2
81	92		22		1		41		9.45939		11.4594		2		0		0
8	86		40		1		17		9.48472		11.4847		1		0		1
40	47		83		1		17		9.53834		11.5383		1		1		0
75	35		90		1		9		9.6566		11.6566		1		1		0
56	89		39		1		27		9.717		11.717		1		1		1
65	97		12		1		26		9.77394		11.7739		0		2		0
98	58		80		1		34		9.8813		11.8813		2		0		0

Required vehicles:
Type 1:	32
Type 2:	21
Type 3:	18
