163	48		47		1		17		6.71789		8.71789		1		1		1
80	54		41		1		27		6.78012		8.78012		0		0		2
104	69		6		1		20		6.92604		8.92604		0		0		2
40	61		34		1		32		6.98355		8.98355		1		1		0
35	20		69		1		20		7.18401		9.18401		0		2		0
77	18		70		1		10		7.22772		9.22772		0		2		0
48	66		40		1		13		7.71751		9.71751		0		2		0
15	61		48		1		10		7.76209		9.76209		2		0		0
79	57		53		1		20		7.78332		9.78332		1		0		1
133	59		52		1		20		7.86448		9.86448		1		0		1
176	34		72		1		17		7.96241		9.96241		1		1		1
50	63		50		1		21		8.04301		10.043		1		1		1
172	59		56		1		23		8.13449		10.1345		2		0		0
7	61		54		1		20		8.14678		10.1468		1		1		0
131	57		59		1		13		8.20366		10.2037		1		1		0
91	83		12		1		10		8.3863		10.3863		0		2		0
188	61		59		1		9		8.48646		10.4865		1		0		1
164	62		58		1		13		8.48999		10.49		1		0		1
29	63		57		1		20		8.49588		10.4959		1		1		1
2	10		86		1		30		8.65794		10.6579		2		0		0
154	67		55		1		20		8.66833		10.6683		0		2		0
61	8		87		1		20		8.7367		10.7367		1		1		0
151	64		61		1		30		8.84138		10.8414		1		1		1
4	84		36		1		26		9.13893		11.1389		1		0		1
179	89		24		1		13		9.21792		11.2179		0		2		0
137	84		39		1		13		9.26121		11.2612		0		1		1
37	88		29		1		12		9.26553		11.2655		2		0		0
44	86		36		1		20		9.32309		11.3231		1		1		1
9	16		92		1		13		9.33809		11.3381		0		0		2
181	86		37		1		10		9.36216		11.3622		2		0		0
111	92		22		1		10		9.45939		11.4594		1		1		1
125	88		35		1		20		9.47048		11.4705		1		1		0
49	87		39		1		16		9.53415		11.5341		1		0		1

Required vehicles:
Type 1:	28
Type 2:	25
Type 3:	20
