87	135		0		1		10		13.5		15.5		2		0		0
66	135		3		1		30		13.5033		15.5033		1		1		1
9	6		135		1		10		13.5133		15.5133		0		1		1
75	90		101		1		10		13.5281		15.5281		1		0		1
20	85		106		1		20		13.5871		15.5871		1		0		1
95	137		3		1		20		13.7033		15.7033		1		1		1
52	137		6		1		20		13.7131		15.7131		2		0		0
4	10		137		1		20		13.7364		15.7364		0		1		1
29	90		104		1		20		13.7535		15.7535		1		0		1
70	134		31		1		10		13.7539		15.7539		0		2		0
89	8		138		1		20		13.8232		15.8232		1		0		1
49	101		96		1		30		13.9345		15.9345		0		2		0
17	36		135		1		30		13.9718		15.9718		1		0		1
97	94		105		1		10		14.0929		16.0929		1		1		0
98	92		107		1		20		14.1113		16.1113		1		1		1
39	43		135		1		10		14.1683		16.1683		0		0		2
27	102		104		1		20		14.5671		16.5671		2		0		0
15	100		106		1		20		14.5726		16.5726		1		0		1
23	43		140		1		20		14.6455		16.6455		1		0		1
60	99		108		1		30		14.6509		16.6509		0		1		1
41	104		106		1		20		14.8499		16.8499		2		0		0
16	99		112		1		20		14.9482		16.9482		0		0		2
90	103		111		1		20		15.1427		17.1427		0		0		2
43	121		110		1		10		16.3527		18.3527		1		0		1
51	121		112		1		10		16.4879		18.4879		0		0		2
88	125		108		1		10		16.5194		18.5194		0		0		2
30	127		108		1		20		16.6712		18.6712		2		0		0
80	127		112		1		30		16.9331		18.9331		0		1		1
22	109		131		1		10		17.0417		19.0417		1		1		0
93	116		132		1		20		17.5727		19.5727		1		1		0
53	118		131		1		20		17.6309		19.6309		1		0		1
24	115		134		1		20		17.6581		19.6581		1		1		0
76	119		136		1		10		18.0712		20.0712		1		1		0

Required vehicles:
Type 1:	27
Type 2:	16
Type 3:	26
