70	103		77		1		8		12.86		14.86		1		1		0
59	59		115		1		23		12.9252		14.9252		0		0		2
94	13		129		1		29		12.9653		14.9653		2		0		0
65	37		125		1		5		13.0361		15.0361		1		1		1
23	80		103		1		1		13.0419		15.0419		0		0		2
43	120		52		1		6		13.0782		15.0782		0		0		2
46	82		103		1		7		13.1655		15.1655		0		0		2
61	107		77		1		9		13.1826		15.1826		0		1		1
58	69		115		1		10		13.4112		15.4112		2		0		0
6	69		116		1		35		13.497		15.497		0		1		1
9	78		111		1		12		13.5665		15.5665		0		1		1
16	137		7		1		5		13.7179		15.7179		0		1		1
11	17		138		1		9		13.9043		15.9043		1		0		1
12	37		138		1		23		14.2874		16.2874		2		0		0
91	63		129		1		24		14.3562		16.3562		1		1		1
32	140		42		1		18		14.6164		16.6164		1		0		1
27	64		132		1		20		14.6697		16.6697		0		2		0
39	107		102		1		10		14.7828		16.7828		0		2		0
85	56		139		1		15		14.9857		16.9857		1		1		1
51	64		138		1		13		15.2118		17.2118		0		2		0
72	139		68		1		8		15.4742		17.4742		1		0		1
49	139		73		1		27		15.7003		17.7003		0		2		0
8	103		119		1		18		15.7385		17.7385		1		1		0
96	114		109		1		22		15.7724		17.7724		1		0		1
25	95		135		1		24		16.5076		18.5076		1		1		1
45	137		101		1		20		17.0206		19.0206		1		0		1
69	109		131		1		24		17.0417		19.0417		1		0		1
14	121		123		1		10		17.254		19.254		2		0		0
33	121		124		1		9		17.3254		19.3254		0		2		0
22	109		139		1		26		17.6641		19.6641		2		0		0
28	133		130		1		11		18.5981		20.5981		0		0		2
41	132		133		1		1		18.7385		20.7385		0		2		0
7	137		137		1		4		19.3747		21.3747		0		1		1

Required vehicles:
Type 1:	22
Type 2:	23
Type 3:	25
