1	70		70		0		0		0		100000		0		0		0
171	15		4		1		10		1.55242		3.55242		1		1		1
20	15		9		1		43		1.74929		3.74929		2		0		0
26	4		23		1		14		2.33452		4.33452		1		0		1
194	15		18		1		5		2.34308		4.34307		1		1		1
105	1		24		1		20		2.40208		4.40208		0		0		2
11	6		25		1		20		2.57099		4.57099		1		1		0
165	0		27		1		9		2.7		4.7		1		1		1
36	2		28		1		8		2.80713		4.80713		0		1		1
78	4		28		1		7		2.82843		4.82843		1		1		1
123	4		30		1		20		3.02655		5.02655		1		0		1
147	33		0		1		15		3.3		5.3		1		0		1
182	1		34		1		10		3.40147		5.40147		0		1		1
74	30		21		1		10		3.66197		5.66197		1		0		1
27	17		37		1		34		4.07185		6.07185		0		1		1
94	39		13		1		13		4.11096		6.11096		2		0		0
63	16		38		1		20		4.12311		6.12311		1		0		1
21	19		37		1		10		4.15933		6.15933		0		2		0
160	18		38		1		16		4.20476		6.20476		2		0		0
6	16		39		1		10		4.21545		6.21545		0		1		1
47	19		39		1		23		4.3382		6.3382		0		2		0
139	20		39		1		10		4.38292		6.38292		2		0		0
187	22		38		1		10		4.3909		6.3909		0		2		0
142	4		44		1		9		4.41814		6.41814		0		1		1
136	23		39		1		24		4.52769		6.52769		1		1		0
198	17		43		1		21		4.62385		6.62385		0		2		0
173	21		44		1		22		4.87545		6.87545		0		1		1
186	13		48		1		20		4.97293		6.97293		1		1		0
121	36		38		1		10		5.2345		7.2345		1		1		0
43	21		48		1		10		5.23927		7.23927		1		1		1
150	41		36		1		10		5.45619		7.45619		0		2		0
64	44		36		1		9		5.68507		7.68507		1		0		1
3	16		62		1		10		6.40312		8.40312		1		0		1
201	60		23		1		20		6.42573		8.42573		1		1		1
97	36		54		1		2		6.48999		8.48999		0		0		2

Required vehicles:
Type 1:	25
Type 2:	26
Type 3:	23
