116	56		139		1		20		14.9857		16.9857		1		1		1
34	103		119		1		20		15.7385		17.7385		2		0		0
107	138		78		1		10		15.8518		17.8518		0		1		1
87	118		108		1		13		15.9962		17.9963		0		2		0
115	121		110		1		20		16.3527		18.3527		1		1		0
166	118		114		1		13		16.4073		18.4073		1		1		0
86	119		114		1		12		16.4794		18.4794		0		0		2
46	121		112		1		19		16.4879		18.4879		1		1		1
118	125		108		1		26		16.5194		18.5194		1		1		0
57	122		113		1		40		16.6292		18.6292		2		0		0
109	123		112		1		30		16.6352		18.6352		0		1		1
24	127		108		1		11		16.6712		18.6712		1		0		1
32	137		96		1		20		16.7287		18.7287		2		0		0
39	126		112		1		10		16.8582		18.8582		1		0		1
158	115		124		1		20		16.9118		18.9118		0		2		0
33	127		112		1		20		16.9331		18.9331		1		0		1
53	137		101		1		27		17.0206		19.0206		0		1		1
178	109		131		1		10		17.0417		19.0417		1		1		1
51	121		123		1		1		17.254		19.254		1		1		1
113	121		124		1		24		17.3254		19.3254		2		0		0
126	116		132		1		43		17.5727		19.5727		0		0		2
110	119		130		1		20		17.6241		19.6241		0		1		1
190	118		131		1		20		17.6309		19.6309		1		1		1
129	115		134		1		20		17.6581		19.6581		0		1		1
66	109		139		1		22		17.6641		19.6641		2		0		0
75	139		110		1		4		17.726		19.726		0		2		0
161	122		131		1		20		17.9011		19.9011		0		0		2
152	121		134		1		13		18.0546		20.0546		0		2		0
100	119		136		1		21		18.0712		20.0712		0		1		1
95	120		136		1		16		18.1373		20.1373		1		1		1
169	119		139		1		10		18.2981		20.2981		2		0		0
193	133		130		1		10		18.5981		20.5981		0		2		0
102	137		127		1		14		18.681		20.681		0		1		1
54	137		137		1		10		19.3747		21.3747		1		1		0

Required vehicles:
Type 1:	25
Type 2:	27
Type 3:	22
